611124520097278040086530360028
611124520097278040089710360028
611124520097278040089170360028
611124520097278040089300360028
611124520097278040089800360028
611124520097278040085040360028
611124520097278040089100360028
611124520097278040084920360028
611124520097278040084890360028
611124520097278040089520360028
611124520097278040089700360028
611124520097278040086900360028
611124520097278040086840360028
611124520097278040086800360028
611124520097278040086970360028
611124520097278040086820360028
611124520097278040087000360028
611124520097278040086920360028
611124520097278040089450360028
