00394178110001903535
00394178110001903597
00394178110001903627
00394178110001908592
00394178110001912421
00394178110001913138
00394191990022639559
00394191990024190935
00394191990024568239
00394191990024569441
00394191990024569670
00394191990025060831
00394191990025060923
00394191990026453380
00394191990026711572
00394191990026742323
00394191990026742408
00394191990026742811
00394191990026770524
00394191990026770531
00394191990026771590
00394191990026771651
00394191990026771668
00394191990026771699
00394191990026771705
00394191990026771880
00394191990026772030
00394191990026773075
00394191990026773815
00394191990026912368
00394191990039000311
00394191990039001288
00394191990039004890
00394191990039006252
00394191990039006276
00394191990039011621
00394191990039011812
00394191990039015360
00394191990039017074
00394191990039356906
00394191990039378014
00394191990800000229
00394191990800000489
00394191990800000588
00394191991000701152
00394191991000701169
00394191991000701220
00394191991000701664
00394191991000701671
00394191991000701732
00394191991000701763
00394191991000701961
00394191991000702029
00394191991000702142
00394191991000702203
00394191991000702289
00394191991000702425
00394191991000702432
00394191991000702456
00394191991000702586
00394191992100004150
00394191992300002895
00394191993000005926
00394191993000006114
00394191993000006121
00394191993000006442
00394191993000006503
00394191993000006558
00394191993000006756
00394191993000006770
00394191993500037069
00394191993500041257
00394191993500041677
00394191993500042407
00394191993500043596
00394191993500044968
00394191993500047365
00394191993500047990
00394191993500048317
00394191993500048522
00394191993500051997
00394191993500053083
00394191993500053380
00394191993500053465
00394191993500053854
00394191993500055391
00394191993500055858
00394191993500055995
00394191993500056428
00394191993500056947
00394191993500057142
00394191993500057173
00394191993500057449
00394191993500057661
00394191993500058408
00394191993500058941
00394191993500064751
00394191993500070547
00394191993600007320
00394191993600007504
00394191993600007658
00394191993600009102
00394191993600009270
00394191993600009867
00394191993600016537
00394191993600017213
00394191993700004441
00394191993700004649
00394191993700004687
00394191993700004755
00394191993700004977
00394191993700005004
00394191993700005059
00394191993700005097
00394191993700005141
00394191993700005271
00394191994700000051
00394191994700000068
00394191994700000105
00394191994700000372
00394191994900002671
00394191994900002725
00394191994900002848
00394191994900002879
00394191994900003616
00394191995000017909
00394191995000021340
00394191995000031448
00394191995000031639
00394191995000032223
00394191995000034449
00394191995000034869
00394191995000038867
00394191995100000627
00394191995100000733
00394191995200013152
00394191995600006747
00394191995600011024
00394191995600014414
00394191995600019341
00394191995600020958
00394191995600025144
00394191995700031311
00394191995900002562
00394191995900009608
00394191996500003225
00394191996500004673
00394191996500004949
00394191996500004994
00394191997200006028
00394210037730000234
00394210205100022180
00394941919900045098
00394941919900045364
00394941919900045371
00394941919900046392
00394941919900055974
00394941919900056919
