00394191990026914676
00394191990039412343
00394191990039416556
00394191990600013030
00394191991400015484
00394191993500041202
00394191993500041561
00394191993500041684
00394191993500041752
00394191993500041813
00394191993500042056
00394191993500042117
00394191993500042261
00394191993500042384
00394191993500042469
00394191993500043183
00394191993500043213
00394191993500043343
00394191993500043626
00394191993500044104
00394191993500044265
00394191993500044364
00394191993500044890
00394191993500045583
00394191993500045828
00394191993500045941
00394191993500046078
00394191993500046146
00394191993500046238
00394191993500046290
00394191993500046405
00394191993500046542
00394191993500046641
00394191993500046849
00394191993500046986
00394191993500047112
00394191993500047181
00394191993500047273
00394191993500047334
00394191993500047471
00394191993500047594
00394191993500047747
00394191993500047952
00394191993500048249
00394191993500048553
00394191993500054097
00394191993600013444
00394191993600013635
00394191993600013925
00394191993600014113
00394191993600014458
00394191993600014816
00394191993600014885
00394191993600016315
00394191993600016407
00394191993600016568
00394191993600016780
00394191993600016872
00394191993600017909
00394191993600017992
00394191993600018180
00394198093000055112
00394198093000059691
00394178110001766413
00394178110001769766
00394178110001871490
00394191990024480975
00394191990024568697
00394191990024569175
00394191990024569397
00394191990026770661
00394191990026773617
00394191990039328231
00394191990039361535
00394191990039412749
00394191990039427958
00394191990039428146
00394191990039428214
00394191991300010701
00394191991400020884
00394191991400022529
00394191991400022918
00394191991400023113
00394191991400023144
00394191991400025292
00394191992000009583
00394191992100007311
00394191992100009032
00394191992500009007
00394191992900017619
00394191992900017947
00394191992900017978
00394191992900018166
00394191992900020619
00394191993000008552
00394191993500041646
00394191993500041684
00394191993500041752
00394191993500041813
00394191993500042209
00394191993500042568
00394191993500042599
00394191993500042896
00394191993500043046
00394191993500043879
00394191993500044777
00394191993500044982
00394191993500045477
00394191993500045644
00394191993500045941
00394191993500047501
00394191993500047969
00394191993500048355
00394191993600013321
00394191993600014113
00394191993600016483
00394191993600017954
00394191993600018111
00394191993700021950
00394191993700029086
00394191994300004961
00394191995000016452
00394191995600022976
00394191995600034627
00394191995700034671
00394197990000546996
00394197990000707298
00394197990000707342
00394197990000707823
00394197990000708752
00394197990000709544
00394197990000709599
00394197990000710212
00394198093000058243
00394198093000058502
00394198093000059462
00394178110001766116
00394191990026711572
00394191990026773808
00394191990026773846
00394191990026914652
00394191990026914676
00394191990039412343
00394191990039416556
00394191990600013030
00394191991400015484
00394191991900007842
00394191993500027749
00394191993500027954
00394191993500037861
00394191993500041202
00394191993500041561
00394191993500041615
00394191993500041684
00394191993500041752
00394191993500041813
00394191993500042049
00394191993500042056
00394191993500042117
00394191993500042261
00394191993500042384
00394191993500042469
00394191993500042582
00394191993500042605
00394191993500042865
00394191993500043183
00394191993500043213
00394191993500043343
00394191993500043466
00394191993500043626
00394191993500043657
00394191993500044104
00394191993500044265
00394191993500044364
00394191993500044654
00394191993500044890
00394191993500045583
00394191993500045828
00394191993500045941
00394191993500046023
00394191993500046078
00394191993500046146
00394191993500046238
00394191993500046290
00394191993500046399
00394191993500046405
00394191993500046542
00394191993500046641
00394191993500046849
00394191993500046856
00394191993500046986
00394191993500047112
00394191993500047181
00394191993500047273
00394191993500047334
00394191993500047471
00394191993500047594
00394191993500047747
00394191993500047952
00394191993500048133
00394191993500048249
00394191993500048478
00394191993500048553
00394191993500053083
00394191993500054097
00394191993500054097
00394191993500054134
00394191993500054493
00394191993500055391
00394191993500055858
00394191993500055995
00394191993500056749
00394191993500056947
00394191993500057838
00394191993500057982
00394191993500058347
00394191993500061613
00394191993500064751
00394191993500065635
00394191993500065680
00394191993500065727
00394191993500066618
00394191993600013444
00394191993600013635
00394191993600013840
00394191993600013925
00394191993600014113
00394191993600014458
00394191993600014816
00394191993600014885
00394191993600015240
00394191993600015790
00394191993600016315
00394191993600016407
00394191993600016568
00394191993600016780
00394191993600016872
00394191993600017329
00394191993600017596
00394191993600017732
00394191993600017817
00394191993600017909
00394191993600017992
00394191993600018180
00394191995000013000
00394191995000013147
00394191995000016797
00394191995000017442
00394191995000017459
00394197990000531565
00394198093000055112
00394198093000059691
00394198093000060536
011942102011001810OB
00394178110001369911
00394178110001766413
00394178110001769766
00394178110001871490
00394178110002077174
00394191990024480975
00394191990024481200
00394191990024568697
00394191990024569120
00394191990024569175
00394191990024569397
00394191990024569700
00394191990024569939
00394191990026711541
00394191990026742323
00394191990026770142
00394191990026770661
00394191990026771651
00394191990026773617
00394191990039328231
00394191990039361535
00394191990039374191
00394191990039377611
00394191990039377949
00394191990039412749
00394191990039418338
00394191990039427958
00394191990039428146
00394191990039428214
00394191991300010701
00394191991400020884
00394191991400021348
00394191991400022529
00394191991400022918
00394191991400023052
00394191991400023113
00394191991400023144
00394191991400025292
00394191991900007842
00394191992000009583
00394191992100007311
00394191992100009032
00394191992500009007
00394191992600015045
00394191992900017237
00394191992900017619
00394191992900017947
00394191992900017978
00394191992900018166
00394191992900018166
00394191992900020619
00394191993000006114
00394191993000006121
00394191993000006756
00394191993000008552
00394191993000009252
00394191993500027749
00394191993500027954
00394191993500040953
00394191993500041431
00394191993500041530
00394191993500041646
00394191993500041684
00394191993500041752
00394191993500041769
00394191993500041813
00394191993500041837
00394191993500041929
00394191993500042193
00394191993500042209
00394191993500042254
00394191993500042568
00394191993500042599
00394191993500042681
00394191993500042896
00394191993500042902
00394191993500043046
00394191993500043169
00394191993500043350
00394191993500043879
00394191993500044722
00394191993500044777
00394191993500044784
00394191993500044982
00394191993500045309
00394191993500045415
00394191993500045460
00394191993500045477
00394191993500045606
00394191993500045644
00394191993500045729
00394191993500045866
00394191993500045941
00394191993500046399
00394191993500046603
00394191993500046825
00394191993500046993
00394191993500047501
00394191993500047686
00394191993500047785
00394191993500047969
00394191993500048133
00394191993500048317
00394191993500048355
00394191993500049611
00394191993500049765
00394191993500054301
00394191993500057166
00394191993500057180
00394191993500057203
00394191993500057241
00394191993500057340
00394191993500057401
00394191993500057548
00394191993500057715
00394191993500058187
00394191993500058309
00394191993500058682
00394191993500058729
00394191993500060708
00394191993500063754
00394191993500065635
00394191993500065642
00394191993500065673
00394191993500065727
00394191993500066366
00394191993500066533
00394191993500066540
00394191993500066618
00394191993500070547
00394191993500070998
00394191993600013314
00394191993600013321
00394191993600013390
00394191993600013482
00394191993600013727
00394191993600013796
00394191993600013918
00394191993600014052
00394191993600014113
00394191993600015004
00394191993600015066
00394191993600015219
00394191993600015318
00394191993600015356
00394191993600015578
00394191993600015691
00394191993600016322
00394191993600016483
00394191993600016995
00394191993600017015
00394191993600017084
00394191993600017145
00394191993600017244
00394191993600017336
00394191993600017435
00394191993600017473
00394191993600017565
00394191993600017893
00394191993600017947
00394191993600017954
00394191993600018029
00394191993600018074
00394191993600018111
00394191993600018227
00394191993600020336
00394191993700021950
00394191993700029017
00394191993700029086
00394191994300004961
00394191994300004961
00394191995000013147
00394191995000016452
00394191995000016490
00394191995000017367
00394191995000017534
00394191995000017725
00394191995000017824
00394191995000018074
00394191995000018098
00394191995000018562
00394191995000021340
00394191995000023924
00394191995000035088
00394191995600019341
00394191995600020958
00394191995600022976
00394191995600034627
00394191995700034671
00394197990000535433
00394197990000546750
00394197990000546996
00394197990000707199
00394197990000707298
00394197990000707342
00394197990000707823
00394197990000708691
00394197990000708752
00394197990000709544
00394197990000709599
00394197990000710212
00394198093000048671
00394198093000049012
00394198093000049326
00394198093000055952
00394198093000056133
00394198093000056720
00394198093000056911
00394198093000057239
00394198093000057819
00394198093000057987
00394198093000058182
00394198093000058243
00394198093000058311
00394198093000058410
00394198093000058496
00394198093000058502
00394198093000058656
00394198093000058946
00394198093000058991
00394198093000059196
00394198093000059295
00394198093000059356
00394198093000059462
00394198093000059561
00394198093000059646
00394198093000059783
00394198093000059882
00394198093000059899
00394198093000060161
00394210201130597414
00394941919900051457
00394941919900055103
