00394178110002080068
00394191990024192557
00394191990024192564
00394191990024192731
00394191990024192762
00394191990024650576
00394191990024650583
00394191990024650927
00394191990024651207
00394191990026713385
00394191990026713538
00394191990026713545
00394191990039427248
00394191991300014747
00394191991300014792
00394191991400018386
00394191992200024430
00394191992200028780
00394191992200028810
00394191992600012242
00394191995000006651
00394191995000020466
00394191995000020732
00394191995000020770
00394191995000021302
00394191995000021395
00394191995000021784
00394191995000022453
00394191995700017551
00394191990039419496
00394197990000708585
00394197990000709049
00394197990000709124
00394198093000089025
00394198093000089681
00394198093000114185
00394210201130902973
00394210201130903307
00394210201130903536
00394191990039448557
00394191990039449387
00394941919900122652
00394941919900124557
00394941919900124984
00394941919900124991
00394941919900125028
00394941919900125035
00394941919900125042
00394941919900125066
00394941919900125165
00394941919900125226
00394941919900125233
00394941919900125288
00394941919900125332
00394941919900125479
00394941919900125493
00394941919900125530
00394941919900125554
00394941919900125653
00394941919900125660
00394941919900125677
00394941919900125707
00394941919900125882
00394941919900126100
00394941919900126681
00394941919900127138
00394941919900127329
00394191911130926207
00394191911130928089
00394191911130929109
00394191911400032627
00394191919900125271
00394191919900125981
