00394191991300014716
00394191991300014846
00394191995000020930
00394191993500051997
00394191995000019736
00394191995000020442
00394191995000021401
00394191995000022132
00394191995000022224
00394191995400005216
00394191993500052215
00394191993500048997
00394191990026914577
00394191991300007893
00394191991300008241
00394191991300008258
00394191991300008678
00394191991300008753
00394191991300009156
00394191991300009248
00394191991300009316
00394191991300009330
00394191991300009576
00394191991300009767
00394191991300009811
00394191991300009910
00394191991300009941
00394191991300009996
00394191991300010022
00394191991300010084
00394191991300012507
00394191991400012278
00394191991400012681
00394191991400013282
00394191991400013473
00394191991400014135
00394191991700006533
00394191991700006595
00394191995400003229
00394191993500035744
00394191993500035881
00394191993500035904
00394191993700014266
00394191993700014280
00394191993700014372
00394191993700014549
00394191993700014631
00394191993700014662
00394191993700014853
00394191993700014921
00394191993700015027
00394191993700015034
00394191993700015072
00394191993700015188
00394191993700015331
00394191993700015447
00394191993700015638
00394191993700015744
00394191993700015812
00394191993700016017
00394191993700016130
00394191993700016192
00394191993700016253
00394191993700016307
00394191993700016420
00394191993700016710
00394191993700016857
00394191993700016901
00394191993700017199
00394191993700017366
00394191993700017458
00394191993700017724
00394191993700017762
00394191993700017793
00394191993700017823
00394191993700017878
00394191993700017908
00394191993700018073
00394191993700018240
00394191993700018332
00394191993700018394
00394191995400003175
00394191995400003304
00394191995400003311
00394191995400003335
00394941919900041496
00394191995400003403
00394191995400003410
00394191995400003465
00394191996100013013
00394191996100013129
00394191996100013310
00394191996100013327
00394191996100013402
00394191996100013525
00394191996100013693
00394210205100010491
00394210205100011269
00394210205100011276
00394210205100011313
00394210205100011528
00394210205100011573
00394178110001933877
00394191990024481576
00394191990024643684
00394191990024651221
00394191990024651641
00394191990026712876
00394191990026713071
00394191990026713101
00394191990039043837
00394191990039043905
00394191990039044841
00394191990039045688
00394191990039045954
00394191990039378410
00394191990039386262
00394191990600008692
00394191990600009255
00394191990600009439
00394191990600009507
00394191990600009712
00394191990600011647
00394191990700001883
00394191990900008989
00394191990900009030
00394191990900009146
00394191990900009238
00394191990900009535
00394191991100196049
00394191991300016093
00394191991700011162
00394191992300001430
00394191992300001850
00394191992300001966
00394191992300002635
00394191992300002840
00394191992500011444
00394191992600013980
00394191992600014499
00394191992600015878
00394191992900014786
00394191992900015998
00394191992900016148
00394191992900016209
00394191992900016292
00394191992900016469
00394191993000008873
00394191993000009221
00394191993200007386
00394191993200007652
00394191993200008277
00394191993200009212
00394191993400003454
00394191993700015027
00394191994300005869
00394191994300006408
00394191994800203123
00394191994800203543
00394191994800204076
00394191995000023443
00394191995000023788
00394191995000025263
00394191995000047852
00394191995000048408
00394191995300008591
00394191995600033613
00394191995600043056
00394191995600043452
00394191995600043506
00394191995600043704
00394191995600043766
00394191996100014324
00394191996100015536
00394191996100019343
00394191996800012965
00394191996800013207
00394198093000086093
00394941919900045180
00394941919900047085
00394941919900065737
00394941919900067533
00394941919900113797
00394941919900125998
00394941919900126193
