00394178110001369980
00394178110001371334
00394178110002073923
00394178110002074401
00394178110002075170
00394178110002075613
00394178110002076511
00394178110002077334
00394178110002085070
00394191990024406098
00394191990026711534
00394191990026712791
00394191990039373187
00394191990039373743
00394191990039375969
00394191990039377963
00394191990039378496
00394191990039415689
00394191990039428122
00394191991300018073
00394191992000004519
00394191992200017685
00394191992200018101
00394191993500034723
00394191993500035300
00394191993500035461
00394191993500035669
00394191993500041042
00394191993500051355
00394191993500052659
00394191993500070592
00394191995000021197
00394191995000036320
00394191995000036849
00394191995000037167
00394191995000037419
00394191995000038669
00394191995000038737
00394191995000039253
00394191995000039390
00394191995000040013
00394191995000040044
00394191995000040303
00394191995000047432
00394191995000047555
00394191995000047708
00394191995000048101
00394191995000048231
00394191995000048552
00394191995000048859
00394191995000048903
00394191995900008564
00394191995900008656
00394191995900008755
00394191995900008816
00394191995900009080
00394191995900009219
00394191995900009509
00394195053000068867
00394197990000709742
00394191990026711558
00394191993500041042
00394191993500063877
00394191995000032315
00394191995000032773
00394191995000035095
00394191995000035194
00394191995000035644
00394191995000035712
00394191995000035910
00394191995000035965
00394191995000036078
00394191995000036153
00394191995000036207
00394191995000036320
00394191995000036443
00394191995000036603
00394191995000036795
00394191995000036849
00394191995000036986
00394191995000037112
00394191995000037167
00394191995000037259
00394191995000037327
00394191995000037419
00394191995000037525
00394191995000037594
00394191995000037631
00394191995000037761
00394191995000037914
00394191995000037952
00394191995000038287
00394191995000038669
00394191995000038737
00394191995000038836
00394191995000038904
00394191995000039048
00394191995000039130
00394191995000039253
00394191995000039390
00394191995000039659
00394191995000039949
00394191995000039994
00394191995000040013
00394191995000040044
00394191995000040204
00394191995000040273
00394191995000040303
