00394178110002076306
00394178110002076795
00394178110002125035
00394191990039413456
00394191990039413654
00394191990600008951
00394191990600009200
00394191990600009545
00394191990600012934
00394191990700002170
00394191990900010036
00394191991100195561
00394191991100196315
00394191991100197497
00394191992000009965
00394191992300001942
00394191992300002901
00394191992500010645
00394191992600016059
00394191993000007715
00394191993200007218
00394191993200009663
00394191993700015263
00394191995700032516
00394191996100015420
00394191996100017592
00394191996800009576
00394191996800009743
00394191996800010466
00394198093000059325
00394210037730033164
00394210201130903154
00394941919900044824
00394941919900045203
00394941919900062651
00394941919900063962
00394941919900105914
00394941919900112509
00394941919900112929
00394941919900113667
00394941919900126537
00394941919900126605
