00394191990026742408
00394191990026742644
00394191990026742651
00394191990026770487
00394191990026770524
00394191990026773983
00394191990026774461
00394191990039043127
00394191990039356906
00394191991000701664
00394191991000702029
00394191991000702456
00394191991000702586
00394191993000006077
00394191993500041257
00394191993500053465
00394191993500057692
00394191993500070547
00394191993600009102
00394191993700004687
00394191993700005097
00394191993700005141
00394191994900002671
00394191995000007375
00394191995000016308
00394191995000016407
00394191995000027151
00394191995000027762
00394191995000037297
00394191995000037846
00394191995000038867
00394191995000040082
00394191995000040181
00394191995600011024
00394191995600014193
00394191995600025144
00394941919900032456
00394941919900045371
