00394102064300014706
00394178110001916511
00394188300000916255
00394188300000916583
00394191990039012246
00394191990039012628
00394191990039013335
00394191990039015629
00394191990039378281
00394191990039378373
00394191991100194021
00394191991300009880
00394191991300009958
00394191991400013954
00394191991700006908
00394191991700010028
00394191992600010606
00394191992600010668
00394191992600012150
00394191992600012204
00394191992900014649
00394191992900020428
00394191993500018389
00394191993500018501
00394191993500027954
00394191993500028548
00394191993500028623
00394191993500028722
00394191993500035225
00394191993500035713
00394191993500035850
00394191993500037069
00394191993500043466
00394191993500048133
00394191993500055995
00394191993500056275
00394191993500056947
00394191993500065710
00394191993500067059
00394191993500067257
00394191993700014365
00394191993700014495
00394191993700014976
00394191993700015157
00394191993700015201
00394191993700015492
00394191993700015690
00394191993700015867
00394191993700015881
00394191993700016338
00394191993700017267
00394191993700017397
00394191993700018196
00394191993700018431
00394191995000020534
00394191995000020695
00394191995000021807
00394191995000021852
00394191995000021975
00394191995000022002
00394191995000022248
00394191995000022392
00394191995200011790
00394191995400003199
00394191995400003397
00394191995600033262
00394191996100013532
00394191996800005288
00394191996800005653
00394191996800005721
00394197990000709735
00394197990000709858
00394197990000710298
00394198093000048862
00394198093000049067
00394198093000049364
00394198093000049470
00394198093000049555
00394198093000049807
00394198093000050063
00394198093000050377
00394198093000064046
00394198093000064947
00394198093000065067
00394198093000065654
00394198093000074090
00394210161300035330
00394210161300036481
00394210201130746898
00394210205100010743
00394210205100011092
00394210205100011238
00394210205100011344
00394210205100011368
00394210205100011412
00394210205100011429
00394210205100011542
00394210205100011788
00394210205100011863
00394941919900055752
00394102064300014706
00394178110001870066
00394178110001916511
00394188300000916835
00394191990024650811
00394191990024651214
00394191990026773570
00394191990039357873
00394191990039375617
00394191990039375679
00394191990039375853
00394191990039377543
00394191990039378397
00394191990039380413
00394191991300007831
00394191991300008173
00394191991300009408
00394191991300009491
00394191991300009668
00394191991300010077
00394191991400012506
00394191991400013343
00394191991400013497
00394191993000008576
00394191993500034730
00394191993500035010
00394191993500035331
00394191993500059467
00394191993500060395
00394191993500062757
00394191993500063624
00394191993500064270
00394191993600021203
00394191993700014204
00394191993700014228
00394191993700014426
00394191993700014860
00394191993700015249
00394191993700015287
00394191993700015768
00394191993700015881
00394191993700016079
00394191993700016338
00394191993700017656
00394191993700018431
00394191993700018561
00394191994300005418
00394191995000022521
00394191995000030953
00394191995000031448
00394191995000031639
00394191995000032223
00394191995000033992
00394191995000034449
00394191995000034869
00394191995600033798
00394191995700029691
00394191996100013464
00394197990000538793
00394197990000709704
00394197990000709810
00394197990000709919
00394197990000710045
00394197990000710090
00394197990000710250
00394197990000710342
00394197990000710618
00394198093000063643
00394198093000070320
00394198093000072744
00394210037730027361
00394210037730027644
00394210161300032353
00394210161300032445
00394210161300032667
00394210161300032889
00394210161300036481
00394210205100010743
00394210205100010880
00394210205100010897
00394210205100011221
00394210205100011245
00394210205100011283
00394210205100011306
00394210205100011337
00394210205100011610
00394210205100022180
00394941919900030384
00394941919900041311
